0, 0, 0.1, 0.2, 0.1, 1, 0.1, 10, 10, HFloat(1.1254024571450176)
0, 0, 0.1, 0.2, 0.2, 1, 0.1, 10, 10, HFloat(1.1957113467471272)
0, 0, 0.1, 0.2, 0.3, 1, 0.1, 10, 10, HFloat(1.2711097654241914)
0, 0, 0.1, 0.2, 0.4, 1, 0.1, 10, 10, HFloat(1.3520651786911408)
 0, 0, 0.1, 0.4, 0.1, 1, 0.1, 10, 10, HFloat(1.125403253220292)
0, 0, 0.1, 0.4, 0.2, 1, 0.1, 10, 10, HFloat(1.1957133519849124)
0, 0, 0.1, 0.4, 0.3, 1, 0.1, 10, 10, HFloat(1.2711138983168633)
0, 0, 0.1, 0.4, 0.4, 1, 0.1, 10, 10, HFloat(1.3520726111489396)
0, 0, 0.2, 0.2, 0.1, 1, 0.1, 10, 10, HFloat(1.1238270332035556)
0, 0, 0.2, 0.2, 0.2, 1, 0.1, 10, 10, HFloat(1.1940119495353618)
 0, 0, 0.2, 0.2, 0.3, 1, 0.1, 10, 10, HFloat(1.26927396858071)
0, 0, 0.2, 0.2, 0.4, 1, 0.1, 10, 10, HFloat(1.3500789748581026)
0, 0, 0.2, 0.4, 0.1, 1, 0.1, 10, 10, HFloat(1.1238294784109795)
0, 0, 0.2, 0.4, 0.2, 1, 0.1, 10, 10, HFloat(1.1940168790208172)
 0, 0, 0.2, 0.4, 0.3, 1, 0.1, 10, 10, HFloat(1.269283226877441)
0, 0, 0.2, 0.4, 0.4, 1, 0.1, 10, 10, HFloat(1.3500949154882902)
0, 0, 0.3, 0.2, 0.1, 1, 0.1, 10, 10, HFloat(1.1224906155395062)
0, 0, 0.3, 0.2, 0.2, 1, 0.1, 10, 10, HFloat(1.1925649537480008)
0, 0, 0.3, 0.2, 0.3, 1, 0.1, 10, 10, HFloat(1.2677048820115426)
0, 0, 0.3, 0.2, 0.4, 1, 0.1, 10, 10, HFloat(1.3483747979209846)
0, 0, 0.3, 0.4, 0.1, 1, 0.1, 10, 10, HFloat(1.1224955961681387)
0, 0, 0.3, 0.4, 0.2, 1, 0.1, 10, 10, HFloat(1.1925737651800206)
0, 0, 0.3, 0.4, 0.3, 1, 0.1, 10, 10, HFloat(1.2677203035805849)
0, 0, 0.3, 0.4, 0.4, 1, 0.1, 10, 10, HFloat(1.3484003759816248)
0, 0.5, 0.1, 0.2, 0.1, 1, 0.1, 10, 10, HFloat(1.125405021129189)
0, 0.5, 0.1, 0.2, 0.2, 1, 0.1, 10, 10, HFloat(1.1957141177212207)
0, 0.5, 0.1, 0.2, 0.3, 1, 0.1, 10, 10, HFloat(1.2711127640068727)
0, 0.5, 0.1, 0.2, 0.4, 1, 0.1, 10, 10, HFloat(1.35206842804797)
0, 0.5, 0.1, 0.4, 0.1, 1, 0.1, 10, 10, HFloat(1.12540581311393)
0, 0.5, 0.1, 0.4, 0.2, 1, 0.1, 10, 10, HFloat(1.19571611615093)
0, 0.5, 0.1, 0.4, 0.3, 1, 0.1, 10, 10, HFloat(1.2711168854297008)
0, 0.5, 0.1, 0.4, 0.4, 1, 0.1, 10, 10, HFloat(1.3520758418962444)
0, 0.5, 0.2, 0.2, 0.1, 1, 0.1, 10, 10, HFloat(1.1238303669804088)
0, 0.5, 0.2, 0.2, 0.2, 1, 0.1, 10, 10, HFloat(1.1940155984848941)
0, 0.5, 0.2, 0.2, 0.3, 1, 0.1, 10, 10, HFloat(1.269277967421233)
0, 0.5, 0.2, 0.2, 0.4, 1, 0.1, 10, 10, HFloat(1.3500833627540163)
0, 0.5, 0.2, 0.4, 0.1, 1, 0.1, 10, 10, HFloat(1.1238327970596296)
0, 0.5, 0.2, 0.4, 0.2, 1, 0.1, 10, 10, HFloat(1.1940205068175516)
0, 0.5, 0.2, 0.4, 0.3, 1, 0.1, 10, 10, HFloat(1.2692871945475088)
0, 0.5, 0.2, 0.4, 0.4, 1, 0.1, 10, 10, HFloat(1.3500992571029993)
0, 0.5, 0.3, 0.2, 0.1, 1, 0.1, 10, 10, HFloat(1.1224927776131455)
0, 0.5, 0.3, 0.2, 0.2, 1, 0.1, 10, 10, HFloat(1.1925674322240174)
0, 0.5, 0.3, 0.2, 0.3, 1, 0.1, 10, 10, HFloat(1.2677077186480206)
0, 0.5, 0.3, 0.2, 0.4, 1, 0.1, 10, 10, HFloat(1.3483780401197185)
0, 0.5, 0.3, 0.4, 0.1, 1, 0.1, 10, 10, HFloat(1.1224977245791052)
0, 0.5, 0.3, 0.4, 0.2, 1, 0.1, 10, 10, HFloat(1.1925762000004139)
0, 0.5, 0.3, 0.4, 0.3, 1, 0.1, 10, 10, HFloat(1.2677230804078623)
0, 0.5, 0.3, 0.4, 0.4, 1, 0.1, 10, 10, HFloat(1.348403534354168)
0, 1.0, 0.1, 0.2, 0.1, 1, 0.1, 10, 10, HFloat(1.125412671865106)
0, 1.0, 0.1, 0.2, 0.2, 1, 0.1, 10, 10, HFloat(1.1957223849965326)
0, 1.0, 0.1, 0.2, 0.3, 1, 0.1, 10, 10, HFloat(1.2711217091603293)
0, 1.0, 0.1, 0.2, 0.4, 1, 0.1, 10, 10, HFloat(1.3520781199920078)
0, 1.0, 0.1, 0.4, 0.1, 1, 0.1, 10, 10, HFloat(1.1254134518807313)
0, 1.0, 0.1, 0.4, 0.2, 1, 0.1, 10, 10, HFloat(1.195724363410529)
0, 1.0, 0.1, 0.4, 0.3, 1, 0.1, 10, 10, HFloat(1.2711257967567862)
0, 1.0, 0.1, 0.4, 0.4, 1, 0.1, 10, 10, HFloat(1.3520854788570393)
0, 1.0, 0.2, 0.2, 0.1, 1, 0.1, 10, 10, HFloat(1.1238404398860293)
0, 1.0, 0.2, 0.2, 0.2, 1, 0.1, 10, 10, HFloat(1.1940266165276872)
0, 1.0, 0.2, 0.2, 0.3, 1, 0.1, 10, 10, HFloat(1.2692900342798519)
0, 1.0, 0.2, 0.2, 0.4, 1, 0.1, 10, 10, HFloat(1.3500965953664588)
0, 1.0, 0.2, 0.4, 0.1, 1, 0.1, 10, 10, HFloat(1.1238428257797772)
0, 1.0, 0.2, 0.4, 0.2, 1, 0.1, 10, 10, HFloat(1.1940314628639843)
0, 1.0, 0.2, 0.4, 0.3, 1, 0.1, 10, 10, HFloat(1.2692991697661709)
0, 1.0, 0.2, 0.4, 0.4, 1, 0.1, 10, 10, HFloat(1.3501123533398567)
0, 1.0, 0.3, 0.2, 0.1, 1, 0.1, 10, 10, HFloat(1.1224996206090532)
0, 1.0, 0.3, 0.2, 0.2, 1, 0.1, 10, 10, HFloat(1.192575237594242)
0, 1.0, 0.3, 0.2, 0.3, 1, 0.1, 10, 10, HFloat(1.267716611857511)
0, 1.0, 0.3, 0.2, 0.4, 1, 0.1, 10, 10, HFloat(1.3483881635358308)
0, 1.0, 0.3, 0.4, 0.1, 1, 0.1, 10, 10, HFloat(1.122504469346465)
0, 1.0, 0.3, 0.4, 0.2, 1, 0.1, 10, 10, HFloat(1.1925838776421378)
0, 1.0, 0.3, 0.4, 0.3, 1, 0.1, 10, 10, HFloat(1.2677317981422709)
0, 1.0, 0.3, 0.4, 0.4, 1, 0.1, 10, 10, HFloat(1.3484134112597324)
0.5, 0, 0.1, 0.2, 0.1, 1, 0.1, 10, 10, HFloat(1.1034664797095628)
0.5, 0, 0.1, 0.2, 0.2, 1, 0.1, 10, 10, HFloat(1.172613124869486)
0.5, 0, 0.1, 0.2, 0.3, 1, 0.1, 10, 10, HFloat(1.24678246904199)
0.5, 0, 0.1, 0.2, 0.4, 1, 0.1, 10, 10, HFloat(1.3264361256834742)
0.5, 0, 0.1, 0.4, 0.1, 1, 0.1, 10, 10, HFloat(1.1033719117576661)
0.5, 0, 0.1, 0.4, 0.2, 1, 0.1, 10, 10, HFloat(1.1725078784731022)
0.5, 0, 0.1, 0.4, 0.3, 1, 0.1, 10, 10, HFloat(1.2466627742036676)
0.5, 0, 0.1, 0.4, 0.4, 1, 0.1, 10, 10, HFloat(1.3262972575934284)
0.5, 0, 0.2, 0.2, 0.1, 1, 0.1, 10, 10, HFloat(1.0799192891231362)
0.5, 0, 0.2, 0.2, 0.2, 1, 0.1, 10, 10, HFloat(1.1477671994985237)
0.5, 0, 0.2, 0.2, 0.3, 1, 0.1, 10, 10, HFloat(1.22055722924337)
0.5, 0, 0.2, 0.2, 0.4, 1, 0.1, 10, 10, HFloat(1.2987435241423004)
0.5, 0, 0.2, 0.4, 0.1, 1, 0.1, 10, 10, HFloat(1.0797354391909666)
0.5, 0, 0.2, 0.4, 0.2, 1, 0.1, 10, 10, HFloat(1.1475633486222412)
0.5, 0, 0.2, 0.4, 0.3, 1, 0.1, 10, 10, HFloat(1.2203262305937819)
0.5, 0, 0.2, 0.4, 0.4, 1, 0.1, 10, 10, HFloat(1.2984763658586604)
0.5, 0, 0.3, 0.2, 0.1, 1, 0.1, 10, 10, HFloat(1.0565731002974479)
0.5, 0, 0.3, 0.2, 0.2, 1, 0.1, 10, 10, HFloat(1.1231231822807148)
0.5, 0, 0.3, 0.2, 0.3, 1, 0.1, 10, 10, HFloat(1.1945342667694496)
0.5, 0, 0.3, 0.2, 0.4, 1, 0.1, 10, 10, HFloat(1.27125334432687)
0.5, 0, 0.3, 0.4, 0.1, 1, 0.1, 10, 10, HFloat(1.0563051227937854)
0.5, 0, 0.3, 0.4, 0.2, 1, 0.1, 10, 10, HFloat(1.122827145880668)
0.5, 0, 0.3, 0.4, 0.3, 1, 0.1, 10, 10, HFloat(1.194200022486919)
0.5, 0, 0.3, 0.4, 0.4, 1, 0.1, 10, 10, HFloat(1.2708681400665174)
           0.5, 0.5, 0.1, 0.2, 0.1, 1, 0.1, 10, 10, 

             HFloat(1.1034664797095628)
0.5, 0.5, 0.1, 0.2, 0.2, 1, 0.1, 10, 10, HFloat(1.172613124869486)
0.5, 0.5, 0.1, 0.2, 0.3, 1, 0.1, 10, 10, HFloat(1.24678246904199)
           0.5, 0.5, 0.1, 0.2, 0.4, 1, 0.1, 10, 10, 

             HFloat(1.3264361256834742)
           0.5, 0.5, 0.1, 0.4, 0.1, 1, 0.1, 10, 10, 

             HFloat(1.1033719117576661)
           0.5, 0.5, 0.1, 0.4, 0.2, 1, 0.1, 10, 10, 

             HFloat(1.1725078784731022)
           0.5, 0.5, 0.1, 0.4, 0.3, 1, 0.1, 10, 10, 

             HFloat(1.2466627742036676)
           0.5, 0.5, 0.1, 0.4, 0.4, 1, 0.1, 10, 10, 

             HFloat(1.3262972575934284)
           0.5, 0.5, 0.2, 0.2, 0.1, 1, 0.1, 10, 10, 

             HFloat(1.0799192891231362)
           0.5, 0.5, 0.2, 0.2, 0.2, 1, 0.1, 10, 10, 

             HFloat(1.1477671994985237)
0.5, 0.5, 0.2, 0.2, 0.3, 1, 0.1, 10, 10, HFloat(1.22055722924337)
           0.5, 0.5, 0.2, 0.2, 0.4, 1, 0.1, 10, 10, 

             HFloat(1.2987435241423004)
           0.5, 0.5, 0.2, 0.4, 0.1, 1, 0.1, 10, 10, 

             HFloat(1.0797354391909666)
           0.5, 0.5, 0.2, 0.4, 0.2, 1, 0.1, 10, 10, 

             HFloat(1.1475633486222412)
           0.5, 0.5, 0.2, 0.4, 0.3, 1, 0.1, 10, 10, 

             HFloat(1.2203262305937819)
           0.5, 0.5, 0.2, 0.4, 0.4, 1, 0.1, 10, 10, 

             HFloat(1.2984763658586604)
           0.5, 0.5, 0.3, 0.2, 0.1, 1, 0.1, 10, 10, 

             HFloat(1.0565731002974479)
           0.5, 0.5, 0.3, 0.2, 0.2, 1, 0.1, 10, 10, 

             HFloat(1.1231231822807148)
           0.5, 0.5, 0.3, 0.2, 0.3, 1, 0.1, 10, 10, 

             HFloat(1.1945342667694496)
0.5, 0.5, 0.3, 0.2, 0.4, 1, 0.1, 10, 10, HFloat(1.27125334432687)
           0.5, 0.5, 0.3, 0.4, 0.1, 1, 0.1, 10, 10, 

             HFloat(1.0563051227937854)
0.5, 0.5, 0.3, 0.4, 0.2, 1, 0.1, 10, 10, HFloat(1.122827145880668)
0.5, 0.5, 0.3, 0.4, 0.3, 1, 0.1, 10, 10, HFloat(1.194200022486919)
           0.5, 0.5, 0.3, 0.4, 0.4, 1, 0.1, 10, 10, 

             HFloat(1.2708681400665174)
           0.5, 1.0, 0.1, 0.2, 0.1, 1, 0.1, 10, 10, 

             HFloat(1.1034664797095628)
0.5, 1.0, 0.1, 0.2, 0.2, 1, 0.1, 10, 10, HFloat(1.172613124869486)
0.5, 1.0, 0.1, 0.2, 0.3, 1, 0.1, 10, 10, HFloat(1.24678246904199)
           0.5, 1.0, 0.1, 0.2, 0.4, 1, 0.1, 10, 10, 

             HFloat(1.3264361256834742)
           0.5, 1.0, 0.1, 0.4, 0.1, 1, 0.1, 10, 10, 

             HFloat(1.1033719117576661)
           0.5, 1.0, 0.1, 0.4, 0.2, 1, 0.1, 10, 10, 

             HFloat(1.1725078784731022)
           0.5, 1.0, 0.1, 0.4, 0.3, 1, 0.1, 10, 10, 

             HFloat(1.2466627742036676)
           0.5, 1.0, 0.1, 0.4, 0.4, 1, 0.1, 10, 10, 

             HFloat(1.3262972575934284)
           0.5, 1.0, 0.2, 0.2, 0.1, 1, 0.1, 10, 10, 

             HFloat(1.0799192891231362)
           0.5, 1.0, 0.2, 0.2, 0.2, 1, 0.1, 10, 10, 

             HFloat(1.1477671994985237)
0.5, 1.0, 0.2, 0.2, 0.3, 1, 0.1, 10, 10, HFloat(1.22055722924337)
           0.5, 1.0, 0.2, 0.2, 0.4, 1, 0.1, 10, 10, 

             HFloat(1.2987435241423004)
           0.5, 1.0, 0.2, 0.4, 0.1, 1, 0.1, 10, 10, 

             HFloat(1.0797354391909666)
           0.5, 1.0, 0.2, 0.4, 0.2, 1, 0.1, 10, 10, 

             HFloat(1.1475633486222412)
           0.5, 1.0, 0.2, 0.4, 0.3, 1, 0.1, 10, 10, 

             HFloat(1.2203262305937819)
           0.5, 1.0, 0.2, 0.4, 0.4, 1, 0.1, 10, 10, 

             HFloat(1.2984763658586604)
           0.5, 1.0, 0.3, 0.2, 0.1, 1, 0.1, 10, 10, 

             HFloat(1.0565731002974479)
           0.5, 1.0, 0.3, 0.2, 0.2, 1, 0.1, 10, 10, 

             HFloat(1.1231231822807148)
           0.5, 1.0, 0.3, 0.2, 0.3, 1, 0.1, 10, 10, 

             HFloat(1.1945342667694496)
0.5, 1.0, 0.3, 0.2, 0.4, 1, 0.1, 10, 10, HFloat(1.27125334432687)
           0.5, 1.0, 0.3, 0.4, 0.1, 1, 0.1, 10, 10, 

             HFloat(1.0563051227937854)
0.5, 1.0, 0.3, 0.4, 0.2, 1, 0.1, 10, 10, HFloat(1.122827145880668)
0.5, 1.0, 0.3, 0.4, 0.3, 1, 0.1, 10, 10, HFloat(1.194200022486919)
           0.5, 1.0, 0.3, 0.4, 0.4, 1, 0.1, 10, 10, 

             HFloat(1.2708681400665174)
1.0, 0, 0.1, 0.2, 0.1, 1, 0.1, 10, 10, HFloat(1.0815155201794888)
1.0, 0, 0.1, 0.2, 0.2, 1, 0.1, 10, 10, HFloat(1.1494871715801145)
1.0, 0, 0.1, 0.2, 0.3, 1, 0.1, 10, 10, HFloat(1.2224132556941572)
1.0, 0, 0.1, 0.2, 0.4, 1, 0.1, 10, 10, HFloat(1.3007496337025626)
1.0, 0, 0.1, 0.4, 0.1, 1, 0.1, 10, 10, HFloat(1.0813303309287474)
1.0, 0, 0.1, 0.4, 0.2, 1, 0.1, 10, 10, HFloat(1.149280980680198)
1.0, 0, 0.1, 0.4, 0.3, 1, 0.1, 10, 10, HFloat(1.2221780671522775)
1.0, 0, 0.1, 0.4, 0.4, 1, 0.1, 10, 10, HFloat(1.3004753868435346)
1.0, 0, 0.2, 0.2, 0.1, 1, 0.1, 10, 10, HFloat(1.0359981706905081)
1.0, 0, 0.2, 0.2, 0.2, 1, 0.1, 10, 10, HFloat(1.1014604428518198)
1.0, 0, 0.2, 0.2, 0.3, 1, 0.1, 10, 10, HFloat(1.1717241273198842)
1.0, 0, 0.2, 0.2, 0.4, 1, 0.1, 10, 10, HFloat(1.247231663320986)
1.0, 0, 0.2, 0.4, 0.1, 1, 0.1, 10, 10, HFloat(1.0356468791003781)
1.0, 0, 0.2, 0.4, 0.2, 1, 0.1, 10, 10, HFloat(1.1010725913513444)
1.0, 0, 0.2, 0.4, 0.3, 1, 0.1, 10, 10, HFloat(1.1712853654656352)
1.0, 0, 0.2, 0.4, 0.4, 1, 0.1, 10, 10, HFloat(1.246723890988864)
1.0, 0, 0.3, 0.2, 0.1, 1, 0.1, 10, 10, HFloat(0.990734588523295)
1.0, 0, 0.3, 0.2, 0.2, 1, 0.1, 10, 10, HFloat(1.0536567464371185)
1.0, 0, 0.3, 0.2, 0.3, 1, 0.1, 10, 10, HFloat(1.121222619363356)
1.0, 0, 0.3, 0.2, 0.4, 1, 0.1, 10, 10, HFloat(1.19386101009191)
1.0, 0, 0.3, 0.4, 0.1, 1, 0.1, 10, 10, HFloat(0.9902357596249073)
1.0, 0, 0.3, 0.4, 0.2, 1, 0.1, 10, 10, HFloat(1.053110561174173)
1.0, 0, 0.3, 0.4, 0.3, 1, 0.1, 10, 10, HFloat(1.1206098725676523)
1.0, 0, 0.3, 0.4, 0.4, 1, 0.1, 10, 10, HFloat(1.1931574184837084)
           1.0, 0.5, 0.1, 0.2, 0.1, 1, 0.1, 10, 10, 

             HFloat(1.0815139756251448)
           1.0, 0.5, 0.1, 0.2, 0.2, 1, 0.1, 10, 10, 

             HFloat(1.1494854798538545)
           1.0, 0.5, 0.1, 0.2, 0.3, 1, 0.1, 10, 10, 

             HFloat(1.2224114002879802)
           1.0, 0.5, 0.1, 0.2, 0.4, 1, 0.1, 10, 10, 

             HFloat(1.3007475959512902)
           1.0, 0.5, 0.1, 0.4, 0.1, 1, 0.1, 10, 10, 

             HFloat(1.0813287933844964)
           1.0, 0.5, 0.1, 0.4, 0.2, 1, 0.1, 10, 10, 

             HFloat(1.1492792983219673)
           1.0, 0.5, 0.1, 0.4, 0.3, 1, 0.1, 10, 10, 

             HFloat(1.2221762252655968)
1.0, 0.5, 0.1, 0.4, 0.4, 1, 0.1, 10, 10, HFloat(1.300473369066485)
           1.0, 0.5, 0.2, 0.2, 0.1, 1, 0.1, 10, 10, 

             HFloat(1.0359988076383018)
           1.0, 0.5, 0.2, 0.2, 0.2, 1, 0.1, 10, 10, 

             HFloat(1.1014610042853539)
           1.0, 0.5, 0.2, 0.2, 0.3, 1, 0.1, 10, 10, 

             HFloat(1.1717245954291649)
1.0, 0.5, 0.2, 0.2, 0.4, 1, 0.1, 10, 10, HFloat(1.247232017436002)
           1.0, 0.5, 0.2, 0.4, 0.1, 1, 0.1, 10, 10, 

             HFloat(1.0356475400927898)
1.0, 0.5, 0.2, 0.4, 0.2, 1, 0.1, 10, 10, HFloat(1.101073180990523)
           1.0, 0.5, 0.2, 0.4, 0.3, 1, 0.1, 10, 10, 

             HFloat(1.1712858691583508)
           1.0, 0.5, 0.2, 0.4, 0.4, 1, 0.1, 10, 10, 

             HFloat(1.2467242922348243)
           1.0, 0.5, 0.3, 0.2, 0.1, 1, 0.1, 10, 10, 

             HFloat(0.9907410587633863)
           1.0, 0.5, 0.3, 0.2, 0.2, 1, 0.1, 10, 10, 

             HFloat(1.0536634365987398)
           1.0, 0.5, 0.3, 0.2, 0.3, 1, 0.1, 10, 10, 

             HFloat(1.1212295265921222)
           1.0, 0.5, 0.3, 0.2, 0.4, 1, 0.1, 10, 10, 

             HFloat(1.1938681295202198)
           1.0, 0.5, 0.3, 0.4, 0.1, 1, 0.1, 10, 10, 

             HFloat(0.9902422774084564)
           1.0, 0.5, 0.3, 0.4, 0.2, 1, 0.1, 10, 10, 

             HFloat(1.0531173039108943)
           1.0, 0.5, 0.3, 0.4, 0.3, 1, 0.1, 10, 10, 

             HFloat(1.1206168414804645)
           1.0, 0.5, 0.3, 0.4, 0.4, 1, 0.1, 10, 10, 

             HFloat(1.1931646140502175)
           1.0, 1.0, 0.1, 0.2, 0.1, 1, 0.1, 10, 10, 

             HFloat(1.0815093077287905)
           1.0, 1.0, 0.1, 0.2, 0.2, 1, 0.1, 10, 10, 

             HFloat(1.1494803705070065)
           1.0, 1.0, 0.1, 0.2, 0.3, 1, 0.1, 10, 10, 

             HFloat(1.2224058001857612)
           1.0, 1.0, 0.1, 0.2, 0.4, 1, 0.1, 10, 10, 

             HFloat(1.3007414493557856)
           1.0, 1.0, 0.1, 0.4, 0.1, 1, 0.1, 10, 10, 

             HFloat(1.0813241459928549)
           1.0, 1.0, 0.1, 0.4, 0.2, 1, 0.1, 10, 10, 

             HFloat(1.1492742164546481)
           1.0, 1.0, 0.1, 0.4, 0.3, 1, 0.1, 10, 10, 

             HFloat(1.2221706649353723)
           1.0, 1.0, 0.1, 0.4, 0.4, 1, 0.1, 10, 10, 

             HFloat(1.3004672813641074)
           1.0, 1.0, 0.2, 0.2, 0.1, 1, 0.1, 10, 10, 

             HFloat(1.0360003531492492)
1.0, 1.0, 0.2, 0.2, 0.2, 1, 0.1, 10, 10, HFloat(1.101462306102699)
           1.0, 1.0, 0.2, 0.2, 0.3, 1, 0.1, 10, 10, 

             HFloat(1.1717255993672828)
           1.0, 1.0, 0.2, 0.2, 0.4, 1, 0.1, 10, 10, 

             HFloat(1.2472326606917181)
           1.0, 1.0, 0.2, 0.4, 0.1, 1, 0.1, 10, 10, 

             HFloat(1.0356491558726542)
           1.0, 1.0, 0.2, 0.4, 0.2, 1, 0.1, 10, 10, 

             HFloat(1.1010745653638627)
1.0, 1.0, 0.2, 0.4, 0.3, 1, 0.1, 10, 10, HFloat(1.171286977480847)
1.0, 1.0, 0.2, 0.4, 0.4, 1, 0.1, 10, 10, HFloat(1.246725074069919)
           1.0, 1.0, 0.3, 0.2, 0.1, 1, 0.1, 10, 10, 

             HFloat(0.9907594770636339)
           1.0, 1.0, 0.3, 0.2, 0.2, 1, 0.1, 10, 10, 

             HFloat(1.0536824623049637)
           1.0, 1.0, 0.3, 0.2, 0.3, 1, 0.1, 10, 10, 

             HFloat(1.1212491481112552)
           1.0, 1.0, 0.3, 0.2, 0.4, 1, 0.1, 10, 10, 

             HFloat(1.1938883289820126)
           1.0, 1.0, 0.3, 0.4, 0.1, 1, 0.1, 10, 10, 

             HFloat(0.9902608346037783)
           1.0, 1.0, 0.3, 0.4, 0.2, 1, 0.1, 10, 10, 

             HFloat(1.0531364833518837)
           1.0, 1.0, 0.3, 0.4, 0.3, 1, 0.1, 10, 10, 

             HFloat(1.1206366436846515)
           1.0, 1.0, 0.3, 0.4, 0.4, 1, 0.1, 10, 10, 

             HFloat(1.1931850370206358)

